4294967278,321
4294967279,390
4294967278,320
4294967279,389
4294967278,319
4294967279,388
4294967278,318
4294967279,387
4294967278,317
4294967279,386
4294967279,385
42,4
42,3
42,2
42,1
4294967294,437
4294967294,1242
41,4
41,3
41,2
41,1
4294967278,316
40,4
40,3
40,2
40,1
4294967278,315
39,4
39,3
39,2
39,1
4294967279,384
4294967294,1435
4294967294,1434
4294967294,1087
4294967294,478
38,4
38,3
38,2
38,1
4294967278,314
37,4
37,3
37,2
37,1
4294967278,313
36,4
36,3
36,2
36,1
4294967278,312
4294967294,1433
35,4
35,3
35,2
35,1
4294967278,311
34,4
34,3
34,2
34,1
4294967294,477
4294967294,1432
33,4
33,3
33,2
33,1
4294967278,310
4294967279,136
32,4
32,3
32,2
32,1
4294967278,309
4294967294,476
31,8
31,7
31,6
31,5
31,4
31,3
31,2
31,1
30,5
30,4
30,3
30,2
30,1
4294967279,133
29,112
29,111
29,110
29,109
29,108
29,107
29,106
29,105
29,104
29,103
29,102
29,101
29,100
29,99
29,98
29,97
29,96
29,95
29,94
29,93
29,92
29,91
29,90
29,89
29,88
29,87
29,86
29,85
29,84
29,83
29,82
29,81
29,80
29,79
4294967279,319
29,78
29,77
29,76
29,75
29,74
29,73
29,72
29,71
29,70
29,69
29,68
29,67
29,66
29,65
29,64
29,36
29,35
29,34
29,33
29,32
29,31
29,30
29,29
29,28
29,27
29,26
29,25
29,24
29,23
29,22
29,21
29,20
29,19
29,18
29,17
29,16
29,15
29,14
29,13
29,12
29,11
29,10
29,9
29,8
29,7
29,6
29,5
29,4
29,3
29,2
29,1
28,93
28,92
28,91
28,90
28,89
28,88
28,87
28,86
28,85
28,84
28,83
28,82
28,81
28,80
28,79
28,78
28,77
28,76
28,75
28,74
28,73
28,72
28,71
28,70
28,69
28,68
28,67
28,66
28,65
28,64
28,36
28,35
28,34
28,33
28,32
28,31
28,30
28,29
28,28
28,27
28,26
28,25
28,24
28,23
28,22
28,21
28,20
28,19
28,18
28,17
28,16
28,15
28,14
28,13
28,12
28,11
28,10
28,9
28,8
28,7
28,6
28,5
28,4
28,3
28,2
28,1
4294967294,1431
4294967294,1430
4294967294,1429
4294967294,443
27,5
27,4
27,3
27,2
27,1
4294967294,1428
26,7
26,6
4294967279,318
26,5
4294967278,308
26,4
4294967279,317
26,3
26,2
26,1
4294967279,316
4294967278,307
4294967279,315
25,7
25,6
25,5
4294967278,306
4294967279,314
4294967279,313
4294967278,305
25,4
4294967279,312
25,3
25,2
25,1
4294967278,304
4294967294,475
4294967294,474
4294967279,311
24,19
24,18
24,17
24,16
24,15
24,14
24,13
24,12
24,11
24,10
24,9
24,8
24,7
24,6
24,5
4294967278,303
24,4
24,3
24,2
24,1
4294967278,302
4294967279,310
23,6
23,5
23,4
23,3
23,2
23,1
22,344
22,343
22,342
22,341
22,340
22,339
22,338
22,337
22,336
22,335
22,334
22,333
22,332
22,331
22,330
22,329
22,328
22,327
22,326
22,325
22,324
22,323
22,322
22,321
22,320
22,319
22,318
22,317
22,316
22,315
22,314
22,313
22,312
22,311
22,310
22,309
22,308
22,307
22,306
22,305
22,304
22,303
22,302
22,301
22,300
22,299
22,298
22,297
22,296
22,295
22,294
22,293
22,292
22,291
22,290
22,289
22,288
22,287
22,286
22,285
22,284
22,283
22,282
22,281
22,280
22,279
22,278
22,277
22,276
22,275
22,274
22,273
22,272
22,271
22,270
22,269
22,268
22,267
22,266
22,265
22,264
22,263
22,262
22,261
22,260
22,259
22,258
22,257
22,256
22,255
22,254
22,253
22,252
22,251
22,250
22,249
22,248
22,247
22,246
22,245
22,244
22,243
22,242
22,241
22,240
22,239
22,238
22,237
22,236
22,235
22,234
22,233
22,232
22,231
22,230
22,229
22,228
22,227
22,226
22,225
22,224
22,223
22,222
22,221
22,220
22,219
22,218
22,217
22,216
22,215
22,214
22,213
22,212
22,211
22,210
22,209
22,208
22,207
22,206
22,205
22,204
22,203
22,202
22,201
22,200
22,199
22,198
22,197
22,196
22,195
22,194
22,193
22,192
22,191
22,190
22,189
22,188
22,187
22,186
22,185
22,184
22,183
22,182
22,181
22,180
22,179
22,178
22,177
22,176
22,175
22,174
22,173
22,172
22,171
22,170
22,169
22,168
22,167
22,166
22,165
22,164
22,163
22,162
22,161
22,160
22,159
22,158
22,157
22,156
22,155
22,154
22,153
22,152
22,151
22,150
22,149
22,148
22,147
22,146
22,145
22,144
22,143
22,142
22,141
22,140
22,139
22,138
22,137
22,136
22,135
22,134
22,133
22,132
22,131
22,130
22,129
22,128
22,127
22,126
22,125
22,124
22,123
22,122
22,121
22,120
22,119
22,118
22,117
